9 0
restart 2 10 0 857 391 9 1 857 391

wall 0 108 331 337
wall 292 78 378 84
wall 319 439 93 286
wall 634 -51 331 274
wall 634 439 338 285

cat 657 399 3

link 385 749 257 21 9 1 0 1
link 1003 -54 34 798 10 0 1 0
!

9 1
restart 2 10 1 837 391 9 0 837 391

wall 50 -15 361 114
wall 58 95 65 594
wall 115 656 755 55
wall 634 -51 331 145
wall 820 -51 146 274
wall 829 439 143 285
wall 428 339 122 55

cat 475 303 4
cat 176 616 5
cat 690 616 6

link 396 -65 257 21 9 0 0 1
link 1003 -54 34 798 10 1 1 0
!

9 2
restart 2 10 2 847 387 9 3 847 387

wall -2 203 350 523
wall 218 -51 758 273
wall 630 435 352 285

cat 647 393 8

link 1003 -54 34 798 10 2 1 0
link 50 747 953 21 9 3 0 1
!

9 3
restart 3 9 2 727 416 10 3 727 416 9 4 727 416

wall -2 -10 350 752
wall 630 -48 352 274
wall 625 464 364 279

link 23 -48 953 21 9 2 0 1
link 1003 -54 34 798 10 3 1 0
link 50 747 953 21 9 4 0 1
!

9 4
restart 2 9 3 691 524 10 4 691 524

wall -2 -10 350 752
wall 266 572 722 171
wall 625 -48 352 363

cat 527 539 9

link 23 -48 953 21 9 3 0 1
link 1003 -54 45 798 10 4 1 0
!

10 0
restart 3 9 0 35 395 11 0 35 395 10 1 35 395

wall -13 443 99 281
wall -2 -51 93 274
wall 51 -55 937 25

link -59 152 23 249 9 0 1 0
link 79 751 937 25 10 1 0 1
link 1003 -54 34 798 11 0 1 0
!

10 1
restart 4 10 0 26 388 9 1 26 388 10 2 26 388 11 1 26 388

wall -13 -51 99 274
wall -15 439 99 285

link -78 -74 34 798 9 1 1 0
link 39 -65 953 21 10 0 0 1
link 1003 -54 34 798 11 1 1 0
link 50 741 953 21 10 2 0 1
!

10 2
restart 4 10 1 26 388 9 2 26 388 10 3 26 388 11 2 26 388

wall -13 -51 99 274
wall -13 435 99 285
wall 497 439 99 285

cat 533 399 7

link -78 -74 34 798 9 2 1 0
link 39 -65 953 21 10 1 0 1
link 1003 -54 34 798 11 2 1 0
link 50 741 953 21 10 3 0 1
!

10 3
restart 2 10 2 333 410 9 3 333 410

wall -10 464 676 256
wall -12 -48 99 274
wall 497 -42 99 564
wall 559 220 449 285

link -78 -74 34 798 9 3 1 0
link 40 -65 1038 21 10 2 0 1
link 1011 -70 34 798 11 3 1 0
!

10 4
restart 3 9 4 230 522 10 5 230 522 11 4 230 522

wall -35 572 338 171
wall -24 -48 997 363
wall 618 572 371 171

gem 447 428 0

link -69 -5 34 798 9 4 1 0
link 0 750 953 21 10 5 0 1
link 1003 -9 34 798 11 4 1 0
!

11 0
restart 2 10 0 676 459 11 1 676 459

wall 256 600 60 120
wall 316 563 126 191
wall 442 510 443 224
wall 883 63 89 669
wall 972 -34 43 156
wall -28 -54 1016 36

link -33 -18 10 749 10 0 1 0
link -3 738 263 10 11 1 0 1
!

11 1
restart 3 11 0 295 411 10 1 295 411 11 2 295 411

wall 257 -42 141 255
wall 373 65 468 71
wall 826 81 56 475
wall 362 533 526 200
wall 274 462 89 261
wall 530 325 133 59

cat 593 282 0
cat 645 495 1

link -7 -43 263 10 11 0 0 1
link -33 -18 10 749 10 1 1 0
link -3 744 263 16 11 2 0 1
!

11 2
restart 3 11 1 162 423 10 2 162 423 11 3 162 423

wall 106 475 195 250
wall 272 -44 235 770
wall 494 289 393 56
wall 639 471 100 253
wall 874 296 100 429

cat 674 433 2

link -7 -43 263 10 11 1 0 1
link -33 -18 10 749 10 2 1 0
link -1 738 1012 16 11 3 0 1
!

11 3
restart 3 11 2 28 161 10 3 28 161 11 4 28 161

wall -6 220 307 518
wall 108 -14 398 285
wall 417 378 250 351
wall 639 -12 100 754
wall 874 -13 100 741

link -6 -43 951 10 11 2 0 1
link -33 -18 10 236 10 3 1 0
link 288 738 624 16 11 4 0 1
!

11 4
restart 2 10 3 132 524 11 2 132 524

wall -6 -21 307 288
wall -9 572 1020 192
wall 417 -26 321 289
wall 874 -13 100 593

cat 361 532 10
cat 748 532 11

link -46 258 21 425 10 4 1 0
link 300 -49 618 16 11 3 0 1
!